image: /home/xuqiang/GIT/Team208/robot2077/src/robot2077_slam/maps/objtest.pgm
resolution: 0.050000
origin: [-100.000000, -100.000000, 0.000000]
negate: 0
occupied_thresh: 0.65
free_thresh: 0.196

